1 
2 
3 
4 
5 
6 
7 
8 
9 
10 
11 
12 
13 
14 
15 
16 
17 
18 
19 
20 
21 
22 
23 
24 
25 
26 
27 
28 
29 
30 
31 
32 
33 
34 
35 
36 
37 
38 
39 
40 
41 
42 
43 
44 
45 
46 
47 
48 
49 
50 
51 
52 
53 
54 
55 
56 
57 
58 
59 
60 
61 
62 
63 
64 
65 
66 
67 
68 
69 
70 
71 
72 
73 
74 
75 
76 1
77 2
78 2
79 2
80 3
81 4
82 4
83 3
84 2
85 1
86 0
87 0
88 0
89 0
90 1
91 1
92 1
93 1
94 1
95 1
96 1
97 1
98 1
99 1
100 1
101 1
102 1
103 1
104 1
105 1
106 1
107 2
108 3
109 3
110 2
111 1
112 1
113 2
114 3
115 3
116 2
117 1
118 1
119 1
120 1
121 1
122 1
123 2
124 2
125 2
126 2
127 2
128 1
129 1
130 2
131 2
132 2
133 2
134 2
135 2
136 2
137 2
138 2
139 2
140 2
141 2
142 2
143 2
144 2
145 2
146 2
147 2
148 2
149 2
150 2
151 2
152 2
153 2
154 2
155 2
156 2
157 2
158 2
159 2
160 2
161 2
162 2
163 2
164 2
165 2
166 2
167 2
168 2
169 2
170 2
171 2
172 2
173 2
174 2
175 2
176 2
177 2
178 2
179 2
180 2
181 2
182 2
183 2
184 2
185 2
186 2
187 2
188 2
189 2
190 2
191 2
192 2
193 2
194 2
195 2
196 2
197 2
198 2
199 2
200 2
201 2
202 2
203 2
204 2
205 2
206 2
207 2
208 2
209 2
210 2
211 2
212 2
213 2
214 2
215 2
216 2
217 2
218 2
219 2
220 2
221 2
222 2
223 1
224 1
225 1
226 1
227 1
228 2
229 2
230 2
231 2
232 2
233 2
234 2
235 1
236 1
237 1
238 1
239 1
240 1
241 2
242 3
243 3
244 3
245 3
246 3
247 3
248 3
249 3
250 2
251 1
252 2
253 2
254 3
255 3
256 3
257 3
258 3
259 4
260 5
261 5
262 5
263 5
264 5
265 5
266 5
267 5
268 5
269 5
270 5
271 5
272 5
273 5
274 4
275 3
276 2
277 3
278 3
279 4
280 4
281 4
282 4
283 3
284 3
285 4
286 4
287 4
288 4
289 4
290 4
291 3
292 2
293 2
294 2
295 2
296 2
297 1
298 2
299 2
300 2
301 2
302 3
303 3
304 3
305 3
306 3
307 3
308 3
309 3
310 3
311 3
312 3
313 3
314 3
315 3
316 3
317 3
318 3
319 3
320 3
321 3
322 3
323 3
324 3
325 3
326 3
327 3
328 3
329 3
330 3
331 3
332 3
333 3
334 3
335 3
336 3
337 3
338 3
339 3
340 3
341 3
342 3
343 3
344 3
345 3
346 3
347 3
348 3
349 3
350 3
351 3
352 3
353 3
354 3
355 3
356 3
357 3
358 3
359 2
360 1
361 2
362 2
363 2
364 2
365 2
366 2
367 3
368 4
369 5
370 5
371 5
372 5
373 5
374 5
375 6
376 6
377 6
378 6
379 6
380 6
381 6
382 6
383 6
384 6
385 6
386 6
387 7
388 7
389 7
390 7
391 7
392 7
393 8
394 8
395 8
396 8
397 8
398 8
399 8
400 8
401 9
402 9
403 9
404 9
405 9
406 9
407 9
408 9
409 9
410 9
411 9
412 9
413 8
414 9
415 9
416 10
417 10
418 10
419 9
420 9
421 9
422 9
423 10
424 10
425 9
426 8
427 7
428 6
429 6
430 6
431 6
432 6
433 6
434 6
435 6
436 6
437 7
438 7
439 7
440 7
441 8
442 8
443 8
444 8
445 8
446 8
447 8
448 8
449 8
450 8
451 8
452 8
453 8
454 8
455 8
456 8
457 8
458 8
459 8
460 8
461 8
462 8
463 8
464 8
465 9
466 10
467 10
468 9
469 8
470 7
471 6
472 6
473 6
474 6
475 6
476 6
477 6
478 6
479 6
480 7
481 8
482 8
483 8
484 8
485 8
486 8
487 8
488 8
489 8
490 9
491 9
492 9
493 9
494 10
495 11
496 11
497 11
498 10
499 10
500 10
501 10
502 10
503 10
504 10
505 9
506 8
507 7
508 6
509 6
510 6
511 6
512 6
513 6
514 6
515 7
516 8
517 8
518 8
519 8
520 8
521 8
522 8
523 8
524 8
525 9
526 9
527 9
528 9
529 10
530 11
531 11
532 11
533 10
534 10
535 10
536 10
537 10
538 10
539 10
540 9
541 8
542 7
543 6
544 6
545 6
546 6
547 6
548 6
549 6
550 6
551 6
552 7
553 7
554 7
555 7
556 7
557 7
558 7
559 7
560 7
561 7
562 7
563 8
564 8
565 8
566 8
567 9
568 9
569 9
570 9
571 9
572 9
573 9
574 9
575 9
576 8
577 7
578 6
579 6
580 6
581 6
582 6
583 7
584 7
585 7
586 7
587 7
588 7
589 8
590 9
591 9
592 9
593 9
594 9
595 9
596 9
597 9
598 9
599 8
600 7
601 7
602 7
603 7
604 7
605 7
606 7
607 7
608 8
609 9
610 9
611 9
612 9
613 9
614 9
615 9
616 10
617 11
618 12
619 12
620 12
621 12
622 11
623 11
624 11
625 10
626 9
627 9
628 8
629 8
630 7
631 6
632 5
633 4
634 5
635 5
636 5
637 5
638 5
639 6
640 7
641 7
642 8
643 8
644 8
645 8
646 8
647 8
648 9
649 9
650 9
651 9
652 9
653 9
654 9
655 9
656 8
657 8
658 8
659 8
660 8
661 7
662 7
663 7
664 6
665 5
666 5
667 5
668 5
669 5
670 5
671 5
672 6
673 7
674 7
675 8
676 8
677 8
678 8
679 9
680 9
681 9
682 9
683 9
684 9
685 10
686 11
687 12
688 12
689 11
690 10
691 9
692 10
693 10
694 9
695 8
696 8
697 9
698 9
699 9
700 9
701 9
702 10
703 10
704 9
705 9
706 10
707 10
708 10
709 9
710 8
711 7
712 6
713 6
714 7
715 8
716 8
717 8
718 8
719 8
720 8
721 8
722 9
723 10
724 10
725 10
726 10
727 10
728 11
729 12
730 12
731 12
732 12
733 12
734 12
735 12
736 12
737 11
738 12
739 13
740 13
741 12
742 12
743 13
744 13
745 12
746 11
747 10
748 11
749 11
750 11
751 12
752 12
753 12
754 11
755 11
756 11
757 11
758 12
759 12
760 12
761 12
762 11
763 11
764 11
765 11
766 11
767 12
768 13
769 13
770 13
771 12
772 13
773 13
774 13
775 12
776 11
777 11
778 11
779 11
780 11
781 11
782 11
783 11
784 11
785 11
786 10
787 9
788 8
789 7
790 7
791 8
792 8
793 8
794 8
795 7
796 7
797 8
798 9
799 9
800 8
801 8
802 9
803 9
804 8
805 8
806 9
807 9
808 9
809 9
810 9
811 9
812 10
813 11
814 11
815 11
816 11
817 11
818 12
819 12
820 12
821 12
822 13
823 13
824 12
825 11
826 11
827 11
828 11
829 12
830 12
831 12
832 12
833 11
834 10
835 9
836 8
837 7
838 6
839 5
840 4
841 5
842 5
843 5
844 5
845 5
846 5
847 6
848 6
849 6
850 6
851 6
852 6
853 6
854 6
855 6
856 6
857 6
858 6
859 6
860 6
861 7
862 8
863 9
864 9
865 9
866 10
867 10
868 10
869 9
870 9
871 9
872 9
873 9
874 8
875 8
876 8
877 8
878 9
879 9
880 9
881 10
882 10
883 10
884 9
885 9
886 9
887 9
888 9
889 8
890 8
891 8
892 8
893 9
894 9
895 9
896 10
897 10
898 10
899 9
900 8
901 7
902 6
903 6
904 6
905 6
906 6
907 6
908 6
909 6
910 6
911 7
912 7
913 6
914 5
915 4
916 4
917 5
918 5
919 5
920 5
921 5
922 5
923 5
924 6
925 7
926 7
927 7
928 7
929 7
930 7
931 7
932 7
933 7
934 7
935 7
936 7
937 6
938 6
939 7
940 7
941 7
942 7
943 7
944 7
945 7
946 8
947 9
948 9
949 9
950 9
951 9
952 9
953 9
954 9
955 9
956 9
957 9
958 9
959 8
960 7
961 6
962 6
963 7
964 7
965 7
966 7
967 7
968 7
969 7
970 8
971 9
972 9
973 9
974 9
975 9
976 9
977 9
978 9
979 9
980 9
981 9
982 9
983 8
984 7
985 6
986 5
987 4
988 3
989 2
990 1
991 1
992 1
993 2
994 2
995 2
996 2
997 3
998 3
999 3
1000 3
1001 3
1002 4
1003 4
1004 4
1005 4
1006 4
1007 5
1008 6
1009 6
1010 6
1011 6
1012 6
1013 6
1014 7
1015 8
1016 8
1017 8
1018 8
1019 8
1020 8
1021 8
1022 8
1023 8
1024 8
1025 8
1026 8
1027 8
1028 8
1029 8
1030 8
1031 8
1032 8
1033 8
1034 7
1035 6
1036 5
1037 4
1038 4
1039 3
1040 2
1041 1
1042 1
1043 1
1044 2
1045 2
1046 2
1047 2
1048 2
1049 3
1050 4
1051 4
1052 4
1053 4
1054 4
1055 4
1056 4
1057 4
1058 4
1059 5
1060 6
1061 6
1062 6
1063 6
1064 5
1065 4
1066 4
1067 4
1068 4
1069 4
1070 4
1071 4
1072 3
1073 2
1074 3
1075 3
1076 4
1077 4
1078 4
1079 3
1080 3
1081 4
1082 4
1083 3
1084 2
1085 3
1086 4
1087 4
1088 3
1089 2
1090 2
1091 1
1092 0
1093 0
1094 0
1095 0
1096 0
1097 0
1098 0
1099 0
1100 1
1101 1
1102 1
1103 1
1104 1
1105 1
1106 2
1107 2
1108 3
1109 3
1110 3
1111 2
1112 1
1113 1
1114 1
1115 1
1116 1
1117 1
1118 1
1119 1
1120 1
1121 1
1122 1
1123 1
1124 1
1125 1
1126 1
1127 1
1128 1
1129 1
1130 1
1131 1
1132 1
1133 1
1134 1
1135 2
1136 3
1137 3
1138 3
1139 3
1140 3
1141 4
1142 5
1143 5
1144 5
1145 5
1146 5
1147 5
1148 5
1149 5
1150 5
1151 5
1152 6
1153 6
1154 6
1155 6
1156 6
1157 6
1158 6
1159 6
1160 6
1161 6
1162 6
1163 6
1164 6
1165 5
1166 4
1167 4
1168 4
1169 4
1170 4
1171 4
1172 4
1173 5
1174 5
1175 5
1176 5
1177 6
1178 6
1179 6
1180 6
1181 6
1182 6
1183 6
1184 6
1185 6
1186 6
1187 6
1188 6
1189 6
1190 6
1191 5
1192 4
1193 3
1194 3
1195 3
1196 3
1197 3
1198 3
1199 4
1200 5
1201 5
1202 5
1203 5
1204 5
1205 5
1206 5
1207 5
1208 5
1209 5
1210 5
1211 5
1212 5
1213 5
1214 5
1215 5
1216 5
1217 5
1218 5
1219 5
1220 4
1221 4
1222 5
1223 5
1224 5
1225 5
1226 5
1227 6
1228 6
1229 6
1230 6
1231 6
1232 6
1233 6
1234 6
1235 6
1236 6
1237 6
1238 6
1239 6
1240 6
1241 5
1242 5
1243 5
1244 5
1245 5
1246 6
1247 7
1248 7
1249 7
1250 7
1251 7
1252 7
1253 7
1254 7
1255 7
1256 7
1257 7
1258 7
1259 7
1260 7
1261 7
1262 7
1263 7
1264 7
1265 7
1266 7
1267 7
1268 6
1269 6
1270 6
1271 6
1272 6
1273 6
1274 6
1275 7
1276 7
1277 7
1278 8
1279 8
1280 9
1281 9
1282 9
1283 9
1284 8
1285 8
1286 8
1287 9
1288 9
1289 9
1290 9
1291 8
1292 7
1293 6
1294 6
1295 7
1296 7
1297 7
1298 7
1299 7
1300 7
1301 7
1302 6
1303 5
1304 5
1305 6
1306 7
1307 7
1308 7
1309 7
1310 7
1311 7
1312 7
1313 6
1314 6
1315 6
1316 6
1317 6
1318 6
1319 6
1320 6
1321 6
1322 6
1323 6
1324 6
1325 6
1326 6
1327 7
1328 7
1329 7
1330 7
1331 7
1332 7
1333 7
1334 6
1335 5
1336 4
1337 3
1338 2
1339 1
1340 0
1341 0
1342 0
1343 1
1344 1
1345 1
1346 1
1347 1
1348 2
1349 3
1350 3
1351 3
1352 2
1353 3
1354 3
1355 3
1356 3
1357 4
1358 4
1359 4
1360 4
1361 4
1362 4
1363 4
1364 4
1365 3
1366 2
1367 1
1368 0
1369 0
1370 -1
