1 
2 
3 
4 
5 
6 
7 
8 
9 
10 
11 
12 
13 
14 
15 
16 
17 
18 
19 
20 
21 
22 
23 
24 
25 
26 
27 
28 
29 
30 
31 
32 
33 
34 
35 
36 
37 
38 
39 
40 
41 
42 
43 
44 
45 
46 
47 
48 
49 
50 
51 
52 
53 
54 
55 
56 
57 
58 
59 
60 
61 
62 
63 
64 
65 
66 
67 
68 
69 
70 
71 
72 
73 
74 
75 
76 1
77 2
78 2
79 2
80 3
81 4
82 4
83 3
84 2
85 1
86 0
87 0
88 0
89 0
90 1
91 1
92 1
93 1
94 1
95 1
96 1
97 1
98 1
99 1
100 1
101 1
102 1
103 1
104 1
105 1
106 1
107 2
108 3
109 3
110 2
111 1
112 1
113 2
114 3
115 3
116 2
117 1
118 1
119 1
120 1
121 1
122 1
123 2
124 2
125 2
126 2
127 2
128 1
129 1
130 2
131 2
132 2
133 2
134 2
135 2
136 2
137 2
138 2
139 2
140 2
141 2
142 2
143 2
144 2
145 2
146 2
147 2
148 2
149 2
150 2
151 2
152 2
153 2
154 2
155 2
156 2
157 2
158 2
159 2
160 2
161 2
162 2
163 2
164 2
165 2
166 2
167 2
168 2
169 2
170 2
171 2
172 2
173 2
174 2
175 2
176 2
177 2
178 2
179 2
180 2
181 2
182 2
183 2
184 2
185 2
186 2
187 2
188 2
189 2
190 2
191 2
192 2
193 2
194 2
195 2
196 2
197 2
198 2
199 2
200 2
201 2
202 2
203 2
204 2
205 2
206 2
207 2
208 2
209 2
210 2
211 2
212 2
213 2
214 2
215 2
216 2
217 2
218 2
219 2
220 2
221 2
222 2
223 1
224 1
225 1
226 1
227 1
228 2
229 2
230 2
231 2
232 2
233 2
234 2
235 1
236 1
237 1
238 1
239 1
240 1
241 2
242 3
243 3
244 3
245 3
246 3
247 3
248 3
249 3
250 2
251 1
252 2
253 2
254 3
255 3
256 3
257 3
258 3
259 4
260 5
261 5
262 5
263 5
264 5
265 5
266 5
267 5
268 5
269 5
270 5
271 5
272 5
273 5
274 4
275 3
276 2
277 3
278 3
279 4
280 4
281 4
282 4
283 3
284 3
285 4
286 4
287 4
288 4
289 4
290 4
291 3
292 2
293 2
294 2
295 2
296 2
297 1
298 2
299 2
300 2
301 2
302 3
303 3
304 3
305 3
306 3
307 3
308 3
309 3
310 3
311 3
312 3
313 3
314 3
315 3
316 3
317 3
318 3
319 3
320 3
321 3
322 3
323 3
324 3
325 3
326 3
327 3
328 3
329 3
330 3
331 3
332 3
333 3
334 3
335 3
336 3
337 3
338 3
339 3
340 3
341 3
342 3
343 3
344 3
345 3
346 3
347 3
348 3
349 3
350 3
351 3
352 3
353 3
354 3
355 3
356 3
357 3
358 3
359 2
360 1
361 2
362 2
363 2
364 2
365 2
366 2
367 3
368 4
369 5
370 5
371 5
372 5
373 5
374 5
375 6
376 6
377 6
378 6
379 6
380 6
381 6
382 6
383 6
384 6
385 6
386 6
387 7
388 7
389 7
390 7
391 7
392 7
393 8
394 8
395 8
396 8
397 8
398 8
399 8
400 8
401 9
402 9
403 9
404 9
405 9
406 9
407 9
408 9
409 9
410 9
411 9
412 9
413 8
414 9
415 9
416 10
417 10
418 10
419 9
420 9
421 9
422 9
423 10
424 10
425 9
426 8
427 7
428 6
429 6
430 6
431 6
432 6
433 6
434 6
435 6
436 6
437 7
438 7
439 7
440 7
441 8
442 8
443 8
444 8
445 8
446 8
447 8
448 8
449 8
450 8
451 8
452 8
453 8
454 8
455 8
456 8
457 8
458 8
459 8
460 8
461 8
462 8
463 8
464 8
465 9
466 10
467 10
468 9
469 8
470 7
471 6
472 6
473 6
474 6
475 6
476 6
477 6
478 6
479 6
480 7
481 8
482 8
483 8
484 8
485 8
486 8
487 8
488 8
489 8
490 9
491 9
492 9
493 9
494 10
495 11
496 11
497 11
498 10
499 10
500 10
501 10
502 10
503 10
504 10
505 9
506 8
507 7
508 6
509 6
510 6
511 6
512 6
513 6
514 6
515 7
516 8
517 8
518 8
519 8
520 8
521 8
522 8
523 8
524 8
525 9
526 9
527 9
528 9
529 10
530 11
531 11
532 11
533 10
534 10
535 10
536 10
537 10
538 10
539 10
540 9
541 8
542 7
543 6
544 6
545 6
546 6
547 6
548 6
549 6
550 6
551 6
552 7
553 7
554 7
555 7
556 7
557 7
558 7
559 7
560 7
561 7
562 7
563 8
564 8
565 8
566 8
567 9
568 9
569 9
570 9
571 9
572 9
573 9
574 9
575 9
576 8
577 7
578 6
579 6
580 6
581 6
582 6
583 7
584 7
585 7
586 7
587 7
588 7
589 8
590 9
591 9
592 9
593 9
594 9
595 9
596 9
597 9
598 9
599 8
600 7
601 7
602 7
603 7
604 7
605 7
606 7
607 7
608 8
609 9
610 9
611 9
612 9
613 9
614 9
615 9
616 10
617 11
618 12
619 12
620 12
621 12
622 11
623 11
624 11
625 10
626 9
627 9
628 8
629 8
630 7
631 6
632 5
633 4
634 5
635 5
636 5
637 5
638 5
639 6
640 7
641 7
642 8
643 8
644 8
645 8
646 8
647 8
648 9
649 9
650 9
651 9
652 9
653 9
654 9
655 9
656 8
657 8
658 8
659 8
660 8
661 7
662 7
663 7
664 6
665 5
666 5
667 5
668 5
669 5
670 5
671 5
672 6
673 7
674 7
675 8
676 8
677 8
678 8
679 9
680 9
681 9
682 9
683 9
684 9
685 10
686 11
687 12
688 12
689 11
690 10
691 9
692 10
693 10
694 9
695 8
696 8
697 9
698 9
699 9
700 9
701 9
702 10
703 10
704 9
705 9
706 10
707 10
708 10
709 9
710 8
711 7
712 6
713 6
714 7
715 8
716 8
717 8
718 8
719 8
720 8
721 8
722 9
723 10
724 10
725 10
726 10
727 10
728 11
729 12
730 12
731 12
732 12
733 12
734 12
735 12
736 12
737 11
738 12
739 13
740 13
741 12
742 12
743 13
744 13
745 12
746 11
747 10
748 11
749 11
750 11
751 12
752 12
753 12
754 11
755 11
756 11
757 11
758 12
759 12
760 12
761 12
762 11
763 11
764 11
765 11
766 11
767 12
768 13
769 13
770 13
771 12
772 13
773 13
774 13
775 12
776 11
777 11
778 11
779 11
780 11
781 11
782 11
783 11
784 11
785 11
786 10
787 9
788 8
789 7
790 7
791 8
792 8
793 8
794 8
795 7
796 7
797 8
798 9
799 9
800 8
801 8
802 9
803 9
804 8
805 8
806 9
807 9
808 9
809 9
810 9
811 9
812 10
813 11
814 11
815 11
816 11
817 11
818 12
819 12
820 12
821 12
822 13
823 13
824 12
825 11
826 11
827 11
828 11
829 12
830 12
831 12
832 12
833 11
834 10
835 9
836 8
837 7
838 6
839 5
840 6
841 6
842 6
843 6
844 6
845 6
846 7
847 7
848 7
849 7
850 7
851 7
852 7
853 7
854 7
855 7
856 7
857 7
858 7
859 7
860 8
861 9
862 10
863 10
864 10
865 11
866 11
867 11
868 10
869 10
870 10
871 10
872 10
873 9
874 9
875 9
876 9
877 10
878 10
879 10
880 11
881 11
882 11
883 10
884 10
885 10
886 10
887 10
888 9
889 9
890 9
891 9
892 10
893 10
894 10
895 11
896 11
897 11
898 10
899 9
900 8
901 7
902 7
903 7
904 7
905 7
906 7
907 7
908 7
909 7
910 8
911 8
912 7
913 6
914 5
915 5
916 6
917 6
918 6
919 6
920 6
921 6
922 6
923 7
924 8
925 8
926 8
927 8
928 8
929 8
930 8
931 8
932 8
933 8
934 8
935 8
936 7
937 7
938 8
939 8
940 8
941 8
942 8
943 8
944 8
945 9
946 10
947 10
948 10
949 10
950 10
951 10
952 10
953 10
954 10
955 10
956 10
957 10
958 9
959 8
960 7
961 7
962 8
963 8
964 8
965 8
966 8
967 8
968 8
969 9
970 10
971 10
972 10
973 10
974 10
975 10
976 10
977 10
978 10
979 10
980 10
981 10
982 9
983 8
984 7
985 6
986 5
987 4
988 3
989 2
990 2
991 2
992 3
993 3
994 3
995 3
996 4
997 4
998 4
999 4
1000 4
1001 5
1002 5
1003 5
1004 5
1005 5
1006 6
1007 7
1008 7
1009 7
1010 7
1011 7
1012 7
1013 8
1014 9
1015 9
1016 9
1017 9
1018 9
1019 9
1020 9
1021 9
1022 9
1023 9
1024 9
1025 9
1026 9
1027 9
1028 9
1029 9
1030 9
1031 9
1032 9
1033 8
1034 7
1035 6
1036 5
1037 5
1038 4
1039 3
1040 2
1041 2
1042 2
1043 3
1044 3
1045 3
1046 3
1047 3
1048 4
1049 5
1050 5
1051 5
1052 5
1053 5
1054 5
1055 5
1056 5
1057 5
1058 6
1059 7
1060 7
1061 7
1062 7
1063 6
1064 5
1065 5
1066 5
1067 5
1068 5
1069 5
1070 5
1071 4
1072 3
1073 4
1074 4
1075 5
1076 5
1077 5
1078 4
1079 4
1080 5
1081 5
1082 4
1083 3
1084 4
1085 5
1086 5
1087 4
1088 3
1089 3
1090 2
1091 1
1092 1
1093 1
1094 1
1095 1
1096 1
1097 1
1098 1
1099 2
1100 2
1101 2
1102 2
1103 2
1104 2
1105 3
1106 3
1107 4
1108 4
1109 4
1110 3
1111 2
1112 2
1113 2
1114 2
1115 2
1116 2
1117 2
1118 2
1119 2
1120 2
1121 2
1122 2
1123 2
1124 2
1125 2
1126 2
1127 2
1128 2
1129 2
1130 2
1131 2
1132 2
1133 2
1134 3
1135 4
1136 4
1137 4
1138 4
1139 4
1140 5
1141 6
1142 6
1143 6
1144 6
1145 6
1146 6
1147 6
1148 6
1149 6
1150 6
1151 7
1152 7
1153 7
1154 7
1155 7
1156 7
1157 7
1158 7
1159 7
1160 7
1161 7
1162 7
1163 7
1164 6
1165 5
1166 5
1167 5
1168 5
1169 5
1170 5
1171 5
1172 6
1173 6
1174 6
1175 6
1176 7
1177 7
1178 7
1179 7
1180 7
1181 7
1182 7
1183 7
1184 7
1185 7
1186 7
1187 7
1188 7
1189 7
1190 6
1191 5
1192 4
1193 4
1194 4
1195 4
1196 4
1197 4
1198 5
1199 6
1200 6
1201 6
1202 6
1203 6
1204 6
1205 6
1206 6
1207 6
1208 6
1209 6
1210 6
1211 6
1212 6
1213 6
1214 6
1215 6
1216 6
1217 6
1218 6
1219 5
1220 5
1221 6
1222 6
1223 6
1224 6
1225 6
1226 7
1227 7
1228 7
1229 7
1230 7
1231 7
1232 7
1233 7
1234 7
1235 7
1236 7
1237 7
1238 7
1239 7
1240 6
1241 6
1242 6
1243 6
1244 6
1245 7
1246 8
1247 8
1248 8
1249 8
1250 8
1251 8
1252 8
1253 8
1254 8
1255 8
1256 8
1257 8
1258 8
1259 8
1260 8
1261 8
1262 8
1263 8
1264 8
1265 8
1266 8
1267 7
1268 7
1269 7
1270 7
1271 7
1272 7
1273 7
1274 8
1275 8
1276 8
1277 9
1278 9
1279 10
1280 10
1281 10
1282 10
1283 9
1284 9
1285 9
1286 10
1287 10
1288 10
1289 10
1290 9
1291 8
1292 7
1293 7
1294 8
1295 8
1296 8
1297 8
1298 8
1299 8
1300 8
1301 7
1302 6
1303 6
1304 7
1305 8
1306 8
1307 8
1308 8
1309 8
1310 8
1311 8
1312 7
1313 7
1314 7
1315 7
1316 7
1317 7
1318 7
1319 7
1320 7
1321 7
1322 7
1323 7
1324 7
1325 7
1326 8
1327 8
1328 8
1329 8
1330 8
1331 8
1332 8
1333 7
1334 6
1335 5
1336 4
1337 3
1338 2
1339 1
1340 1
1341 1
1342 2
1343 2
1344 2
1345 2
1346 2
1347 3
1348 4
1349 4
1350 4
1351 3
1352 4
1353 4
1354 4
1355 4
1356 5
1357 5
1358 5
1359 5
1360 5
1361 5
1362 5
1363 5
1364 4
1365 3
1366 2
1367 1
1368 1
1369 0
